414 144 16 1
111111111111111100000000000000000000000000000000000000000000000000000000000000000000000000000000000000000000000000000000000000000000000000000000

100000000000000000000000000000000000000000000000000000000000000000000000000000000000000000000000000000000000000000000000000000000000000000000000
010000000000000000000000000000000000000000000000000000000000000000000000000000000000000000000000000000000000000000000000000000000000000000000000
001000000000000000000000000000000000000000000000000000000000000000000000000000000000000000000000000000000000000000000000000000000000000000000000
000100000000000000000000000000000000000000000000000000000000000000000000000000000000000000000000000000000000000000000000000000000000000000000000
000010000000000000000000000000000000000000000000000000000000000000000000000000000000000000000000000000000000000000000000000000000000000000000000
000001000000000000000000000000000000000000000000000000000000000000000000000000000000000000000000000000000000000000000000000000000000000000000000
000000100000000000000000000000000000000000000000000000000000000000000000000000000000000000000000000000000000000000000000000000000000000000000000
000000010000000000000000000000000000000000000000000000000000000000000000000000000000000000000000000000000000000000000000000000000000000000000000
000000001000000000000000000000000000000000000000000000000000000000000000000000000000000000000000000000000000000000000000000000000000000000000000
000000000100000000000000000000000000000000000000000000000000000000000000000000000000000000000000000000000000000000000000000000000000000000000000
000000000010000000000000000000000000000000000000000000000000000000000000000000000000000000000000000000000000000000000000000000000000000000000000
000000000001000000000000000000000000000000000000000000000000000000000000000000000000000000000000000000000000000000000000000000000000000000000000
000000000000100000000000000000000000000000000000000000000000000000000000000000000000000000000000000000000000000000000000000000000000000000000000
000000000000010000000000000000000000000000000000000000000000000000000000000000000000000000000000000000000000000000000000000000000000000000000000
000000000000001000000000000000000000000000000000000000000000000000000000000000000000000000000000000000000000000000000000000000000000000000000000
000000000000000100000000000000000000000000000000000000000000000000000000000000000000000000000000000000000000000000000000000000000000000000000000
000000000000000010000000000000000000000000000000000000000000000000000000000000000000000000000000000000000000000000000000000000000000000000000000
000000000000000001000000000000000000000000000000000000000000000000000000000000000000000000000000000000000000000000000000000000000000000000000000
000000000000000000100000000000000000000000000000000000000000000000000000000000000000000000000000000000000000000000000000000000000000000000000000
000000000000000000010000000000000000000000000000000000000000000000000000000000000000000000000000000000000000000000000000000000000000000000000000
000000000000000000001000000000000000000000000000000000000000000000000000000000000000000000000000000000000000000000000000000000000000000000000000
000000000000000000000100000000000000000000000000000000000000000000000000000000000000000000000000000000000000000000000000000000000000000000000000
000000000000000000000010000000000000000000000000000000000000000000000000000000000000000000000000000000000000000000000000000000000000000000000000
000000000000000000000001000000000000000000000000000000000000000000000000000000000000000000000000000000000000000000000000000000000000000000000000
000000000000000000000000100000000000000000000000000000000000000000000000000000000000000000000000000000000000000000000000000000000000000000000000
000000000000000000000000010000000000000000000000000000000000000000000000000000000000000000000000000000000000000000000000000000000000000000000000
000000000000000000000000001000000000000000000000000000000000000000000000000000000000000000000000000000000000000000000000000000000000000000000000
000000000000000000000000000100000000000000000000000000000000000000000000000000000000000000000000000000000000000000000000000000000000000000000000
000000000000000000000000000010000000000000000000000000000000000000000000000000000000000000000000000000000000000000000000000000000000000000000000
000000000000000000000000000001000000000000000000000000000000000000000000000000000000000000000000000000000000000000000000000000000000000000000000
000000000000000000000000000000100000000000000000000000000000000000000000000000000000000000000000000000000000000000000000000000000000000000000000
000000000000000000000000000000010000000000000000000000000000000000000000000000000000000000000000000000000000000000000000000000000000000000000000
000000000000000000000000000000001000000000000000000000000000000000000000000000000000000000000000000000000000000000000000000000000000000000000000
000000000000000000000000000000000100000000000000000000000000000000000000000000000000000000000000000000000000000000000000000000000000000000000000
000000000000000000000000000000000010000000000000000000000000000000000000000000000000000000000000000000000000000000000000000000000000000000000000
000000000000000000000000000000000001000000000000000000000000000000000000000000000000000000000000000000000000000000000000000000000000000000000000
000000000000000000000000000000000000100000000000000000000000000000000000000000000000000000000000000000000000000000000000000000000000000000000000
000000000000000000000000000000000000010000000000000000000000000000000000000000000000000000000000000000000000000000000000000000000000000000000000
000000000000000000000000000000000000001000000000000000000000000000000000000000000000000000000000000000000000000000000000000000000000000000000000
000000000000000000000000000000000000000100000000000000000000000000000000000000000000000000000000000000000000000000000000000000000000000000000000
000000000000000000000000000000000000000010000000000000000000000000000000000000000000000000000000000000000000000000000000000000000000000000000000
000000000000000000000000000000000000000001000000000000000000000000000000000000000000000000000000000000000000000000000000000000000000000000000000
000000000000000000000000000000000000000000100000000000000000000000000000000000000000000000000000000000000000000000000000000000000000000000000000
000000000000000000000000000000000000000000010000000000000000000000000000000000000000000000000000000000000000000000000000000000000000000000000000
000000000000000000000000000000000000000000001000000000000000000000000000000000000000000000000000000000000000000000000000000000000000000000000000
000000000000000000000000000000000000000000000100000000000000000000000000000000000000000000000000000000000000000000000000000000000000000000000000
000000000000000000000000000000000000000000000010000000000000000000000000000000000000000000000000000000000000000000000000000000000000000000000000
000000000000000000000000000000000000000000000001000000000000000000000000000000000000000000000000000000000000000000000000000000000000000000000000
000000000000000000000000000000000000000000000000100000000000000000000000000000000000000000000000000000000000000000000000000000000000000000000000
000000000000000000000000000000000000000000000000010000000000000000000000000000000000000000000000000000000000000000000000000000000000000000000000
000000000000000000000000000000000000000000000000001000000000000000000000000000000000000000000000000000000000000000000000000000000000000000000000
000000000000000000000000000000000000000000000000000100000000000000000000000000000000000000000000000000000000000000000000000000000000000000000000
000000000000000000000000000000000000000000000000000010000000000000000000000000000000000000000000000000000000000000000000000000000000000000000000
000000000000000000000000000000000000000000000000000001000000000000000000000000000000000000000000000000000000000000000000000000000000000000000000
000000000000000000000000000000000000000000000000000000100000000000000000000000000000000000000000000000000000000000000000000000000000000000000000
000000000000000000000000000000000000000000000000000000010000000000000000000000000000000000000000000000000000000000000000000000000000000000000000
000000000000000000000000000000000000000000000000000000001000000000000000000000000000000000000000000000000000000000000000000000000000000000000000
000000000000000000000000000000000000000000000000000000000100000000000000000000000000000000000000000000000000000000000000000000000000000000000000
000000000000000000000000000000000000000000000000000000000010000000000000000000000000000000000000000000000000000000000000000000000000000000000000
000000000000000000000000000000000000000000000000000000000001000000000000000000000000000000000000000000000000000000000000000000000000000000000000
000000000000000000000000000000000000000000000000000000000000100000000000000000000000000000000000000000000000000000000000000000000000000000000000
000000000000000000000000000000000000000000000000000000000000010000000000000000000000000000000000000000000000000000000000000000000000000000000000
000000000000000000000000000000000000000000000000000000000000001000000000000000000000000000000000000000000000000000000000000000000000000000000000
000000000000000000000000000000000000000000000000000000000000000100000000000000000000000000000000000000000000000000000000000000000000000000000000
000000000000000000000000000000000000000000000000000000000000000010000000000000000000000000000000000000000000000000000000000000000000000000000000
000000000000000000000000000000000000000000000000000000000000000001000000000000000000000000000000000000000000000000000000000000000000000000000000
000000000000000000000000000000000000000000000000000000000000000000100000000000000000000000000000000000000000000000000000000000000000000000000000
000000000000000000000000000000000000000000000000000000000000000000010000000000000000000000000000000000000000000000000000000000000000000000000000
000000000000000000000000000000000000000000000000000000000000000000001000000000000000000000000000000000000000000000000000000000000000000000000000
000000000000000000000000000000000000000000000000000000000000000000000100000000000000000000000000000000000000000000000000000000000000000000000000
000000000000000000000000000000000000000000000000000000000000000000000010000000000000000000000000000000000000000000000000000000000000000000000000
000000000000000000000000000000000000000000000000000000000000000000000001000000000000000000000000000000000000000000000000000000000000000000000000
000000000000000000000000000000000000000000000000000000000000000000000000100000000000000000000000000000000000000000000000000000000000000000000000
000000000000000000000000000000000000000000000000000000000000000000000000010000000000000000000000000000000000000000000000000000000000000000000000
000000000000000000000000000000000000000000000000000000000000000000000000001000000000000000000000000000000000000000000000000000000000000000000000
000000000000000000000000000000000000000000000000000000000000000000000000000100000000000000000000000000000000000000000000000000000000000000000000
000000000000000000000000000000000000000000000000000000000000000000000000000010000000000000000000000000000000000000000000000000000000000000000000
000000000000000000000000000000000000000000000000000000000000000000000000000001000000000000000000000000000000000000000000000000000000000000000000
000000000000000000000000000000000000000000000000000000000000000000000000000000100000000000000000000000000000000000000000000000000000000000000000
000000000000000000000000000000000000000000000000000000000000000000000000000000010000000000000000000000000000000000000000000000000000000000000000
000000000000000000000000000000000000000000000000000000000000000000000000000000001000000000000000000000000000000000000000000000000000000000000000
000000000000000000000000000000000000000000000000000000000000000000000000000000000100000000000000000000000000000000000000000000000000000000000000
000000000000000000000000000000000000000000000000000000000000000000000000000000000010000000000000000000000000000000000000000000000000000000000000
000000000000000000000000000000000000000000000000000000000000000000000000000000000001000000000000000000000000000000000000000000000000000000000000
000000000000000000000000000000000000000000000000000000000000000000000000000000000000100000000000000000000000000000000000000000000000000000000000
000000000000000000000000000000000000000000000000000000000000000000000000000000000000010000000000000000000000000000000000000000000000000000000000
000000000000000000000000000000000000000000000000000000000000000000000000000000000000001000000000000000000000000000000000000000000000000000000000
000000000000000000000000000000000000000000000000000000000000000000000000000000000000000100000000000000000000000000000000000000000000000000000000
000000000000000000000000000000000000000000000000000000000000000000000000000000000000000010000000000000000000000000000000000000000000000000000000
000000000000000000000000000000000000000000000000000000000000000000000000000000000000000001000000000000000000000000000000000000000000000000000000
000000000000000000000000000000000000000000000000000000000000000000000000000000000000000000100000000000000000000000000000000000000000000000000000
000000000000000000000000000000000000000000000000000000000000000000000000000000000000000000010000000000000000000000000000000000000000000000000000
000000000000000000000000000000000000000000000000000000000000000000000000000000000000000000001000000000000000000000000000000000000000000000000000
000000000000000000000000000000000000000000000000000000000000000000000000000000000000000000000100000000000000000000000000000000000000000000000000
000000000000000000000000000000000000000000000000000000000000000000000000000000000000000000000010000000000000000000000000000000000000000000000000
000000000000000000000000000000000000000000000000000000000000000000000000000000000000000000000001000000000000000000000000000000000000000000000000
000000000000000000000000000000000000000000000000000000000000000000000000000000000000000000000000100000000000000000000000000000000000000000000000
000000000000000000000000000000000000000000000000000000000000000000000000000000000000000000000000010000000000000000000000000000000000000000000000
000000000000000000000000000000000000000000000000000000000000000000000000000000000000000000000000001000000000000000000000000000000000000000000000
000000000000000000000000000000000000000000000000000000000000000000000000000000000000000000000000000100000000000000000000000000000000000000000000
000000000000000000000000000000000000000000000000000000000000000000000000000000000000000000000000000010000000000000000000000000000000000000000000
000000000000000000000000000000000000000000000000000000000000000000000000000000000000000000000000000001000000000000000000000000000000000000000000
000000000000000000000000000000000000000000000000000000000000000000000000000000000000000000000000000000100000000000000000000000000000000000000000
000000000000000000000000000000000000000000000000000000000000000000000000000000000000000000000000000000010000000000000000000000000000000000000000
000000000000000000000000000000000000000000000000000000000000000000000000000000000000000000000000000000001000000000000000000000000000000000000000
000000000000000000000000000000000000000000000000000000000000000000000000000000000000000000000000000000000100000000000000000000000000000000000000
000000000000000000000000000000000000000000000000000000000000000000000000000000000000000000000000000000000010000000000000000000000000000000000000
000000000000000000000000000000000000000000000000000000000000000000000000000000000000000000000000000000000001000000000000000000000000000000000000
000000000000000000000000000000000000000000000000000000000000000000000000000000000000000000000000000000000000100000000000000000000000000000000000
000000000000000000000000000000000000000000000000000000000000000000000000000000000000000000000000000000000000010000000000000000000000000000000000
000000000000000000000000000000000000000000000000000000000000000000000000000000000000000000000000000000000000001000000000000000000000000000000000
000000000000000000000000000000000000000000000000000000000000000000000000000000000000000000000000000000000000000100000000000000000000000000000000
000000000000000000000000000000000000000000000000000000000000000000000000000000000000000000000000000000000000000010000000000000000000000000000000
000000000000000000000000000000000000000000000000000000000000000000000000000000000000000000000000000000000000000001000000000000000000000000000000
000000000000000000000000000000000000000000000000000000000000000000000000000000000000000000000000000000000000000000100000000000000000000000000000
000000000000000000000000000000000000000000000000000000000000000000000000000000000000000000000000000000000000000000010000000000000000000000000000
000000000000000000000000000000000000000000000000000000000000000000000000000000000000000000000000000000000000000000001000000000000000000000000000
000000000000000000000000000000000000000000000000000000000000000000000000000000000000000000000000000000000000000000000100000000000000000000000000
000000000000000000000000000000000000000000000000000000000000000000000000000000000000000000000000000000000000000000000010000000000000000000000000
000000000000000000000000000000000000000000000000000000000000000000000000000000000000000000000000000000000000000000000001000000000000000000000000
000000000000000000000000000000000000000000000000000000000000000000000000000000000000000000000000000000000000000000000000100000000000000000000000
000000000000000000000000000000000000000000000000000000000000000000000000000000000000000000000000000000000000000000000000010000000000000000000000
000000000000000000000000000000000000000000000000000000000000000000000000000000000000000000000000000000000000000000000000001000000000000000000000
000000000000000000000000000000000000000000000000000000000000000000000000000000000000000000000000000000000000000000000000000100000000000000000000
000000000000000000000000000000000000000000000000000000000000000000000000000000000000000000000000000000000000000000000000000010000000000000000000
000000000000000000000000000000000000000000000000000000000000000000000000000000000000000000000000000000000000000000000000000001000000000000000000
000000000000000000000000000000000000000000000000000000000000000000000000000000000000000000000000000000000000000000000000000000100000000000000000
000000000000000000000000000000000000000000000000000000000000000000000000000000000000000000000000000000000000000000000000000000010000000000000000
000000000000000000000000000000000000000000000000000000000000000000000000000000000000000000000000000000000000000000000000000000001000000000000000
000000000000000000000000000000000000000000000000000000000000000000000000000000000000000000000000000000000000000000000000000000000100000000000000
000000000000000000000000000000000000000000000000000000000000000000000000000000000000000000000000000000000000000000000000000000000010000000000000
000000000000000000000000000000000000000000000000000000000000000000000000000000000000000000000000000000000000000000000000000000000001000000000000
000000000000000000000000000000000000000000000000000000000000000000000000000000000000000000000000000000000000000000000000000000000000100000000000
000000000000000000000000000000000000000000000000000000000000000000000000000000000000000000000000000000000000000000000000000000000000010000000000
000000000000000000000000000000000000000000000000000000000000000000000000000000000000000000000000000000000000000000000000000000000000001000000000
000000000000000000000000000000000000000000000000000000000000000000000000000000000000000000000000000000000000000000000000000000000000000100000000
000000000000000000000000000000000000000000000000000000000000000000000000000000000000000000000000000000000000000000000000000000000000000010000000
000000000000000000000000000000000000000000000000000000000000000000000000000000000000000000000000000000000000000000000000000000000000000001000000
000000000000000000000000000000000000000000000000000000000000000000000000000000000000000000000000000000000000000000000000000000000000000000100000
000000000000000000000000000000000000000000000000000000000000000000000000000000000000000000000000000000000000000000000000000000000000000000010000
000000000000000000000000000000000000000000000000000000000000000000000000000000000000000000000000000000000000000000000000000000000000000000001000
000000000000000000000000000000000000000000000000000000000000000000000000000000000000000000000000000000000000000000000000000000000000000000000100
000000000000000000000000000000000000000000000000000000000000000000000000000000000000000000000000000000000000000000000000000000000000000000000010
000000000000000000000000000000000000000000000000000000000000000000000000000000000000000000000000000000000000000000000000000000000000000000000001
001111100111010000100000110101100010010011010101100000100001101110100110111110111101101010110010110010100011010110001110101100011000100101100010
010010100010100000110010100000110111100101101010000011011111000011001110110010110011010101001111011101011000010001111110010001010000011111010101
110001001111111001110101001110010000000111111100011000000100110010101011001001110110111010100010010011010011011101111101100110110111011101101111
110010010010000010111110000100011101110011000111000101010011000010110101101111100000000000110111110111111001001001111011010111001001011000001110
011110000111000111100101011110100110010001011001011111110111010101110011101010111110100001101000010000100100110000110100101111000100101011000101
001111101110000101011001001010111011011000000001000101111010110100111011110011001000001001110110011001110000010101110010111000110101110100110010
100010010100101101010111010000010000110011010011010111111110111100010101011011001011100100000101010100110000001111000010110010001001101110100000
100100111000101110101111010011011100110110000100001010111000011000100101110010110111101010110011100110000110101001001011001110011011011001001100
111010111001001001011001010101110110101100011010111101101000111011001100110001001001110111101110101011101011011100100000010011101010101011010011
101111101001010001100110100111101011011100011101010111101100011001111110111111001010001001100001110111111110100110000000100011001111101010101101
111011100000111000110111101010100111100001010101110110101010010000111111010001110010011100010101111100001101011111011011110000110011001000111110
000100010010101000011101111011110011100100110100011110010001011000010011010100010110111011011100011111111001011001011010110110000010000000101001
011000001000101000001111111100010010100111100011001010000100111100011101110000110000111111000100101010001000100100111110011010100010000010001001
000111101000001101001010011100001010011010001011100110011001111100110001001001100011111101000010110110010100101000001001000011010111011011000011
111100011001100101100000110110010100000100011011010111011001011010011001000000101000001100110001010111100000001110101001110110100111000011010101
111110100111110110011100011010010111101011101000000010010100111000110011010010101001101011010101101011100110100111011011100010000101110100011110
100101011001001100001111110100001011111111011101100110001101101110101010100111010100000010101110100011110000110100110101111011101001001011011011
100011110001110101110010011010001110001010101110101110011001000101010000001010000101000101001011000000000011101000111100010010110111111110010100
110100110000000001100000011110100011111011100011010001010010001001100110010110110010011011001110011111100010101001000001111001011001100110101100
011011011111101010110011010110001100101010000000000110010111100011111011001101001101100001111101100111001100101100001000010011101101011010010111
000111100110000010001100011111011110011011011101100111001000111110111001000011111111100001100101110011001000110001001000110010101011011101101010
110111000100111111001100100100001100011010001001111000110000101000110001110101010111101001011110110001101111110111111110000011110010111100101111
100011001110110011110011101010101010110010111101111110111011110000000111000001101111101110011111011110011000110111011110110101010100010001001110
110100110111100101111111111100110011101000011001010101100100010101000001111000111011000000000001011101010000010001101110110111000000110010101010
000010100101000101110110011101100110110010000110110101110110011100110000111100110101011110101111110100001110010101000010000111010111000111011010
001011111010100110001011110101111001111111111000001011011001010101000010110101010000010111101110100010111011110010101110100010000100110001001110
101010100010111010100101110011011010011100011110010011110001100010001100111100010101011101111000010101111000101100001100010100010101110110101000
111001111010000110100001000111010011111100110100010111111000001100100001100011011110110000110101110111011110010110101010000001011000100100111111
110101100111000110011000110011110000101011011011011100111001011010001000011110101011001001110000101010011111110100100001110001010100110101011101
000100101111101011101011110011000011010111101000001011001110001001101101010001111100110111100001100000100000100000100101011111000101111011110001
000001111100110110111001011100010110101011111010100100111011100001011100101100101011000101111100001101111101100100101100111111100001011111111010
010111011010000111011011110101100111001010110100001010111001111101111011111011001101001011010010001010110000100010001011111001011100101001100000
101000000001101000001011101111110101111111001111100111001101110001011111111101100011111000110100110001001111001110111100011001011100110011111111
001000101000100001011101001011000000100100101000100101101101001101000101111101110001111000000101010111101101000010001110111111001100001010110001
101100010011101011011010010011100110010000010100100100001011111011000100101110010111100101011000001011001011010101011100111100101110000111001000
101011000001110001101110111000000111011110101000100100101000010100100011101001010001010111110010011111000010101011010001110001111000111011001000
101001001001111000010111001001101010011111000011000101001001111011011000010110110111001010100101110100011110001111010010000000010001100011010011
101000000111100010100101011011101100010111000110101100110111111101001001101111101011110101100011001100010110100011111000101001111111111101001011
010101111101001001100010111000010101011000010101110111000010110100000011111101101100010000001001110000001110010010001111000111100101100001101110
111001000110010001111101011011101000101000110101010101010110000100011110101100000111110110000110101110001101001001110011010101110000001010100100
000000101101111100001111111100010101101011110110101110101101010111011100001101100011000011000110001111100001011101100101111101100111101101100000
011110101011111110000000100110010001001011001001100111101010100000100000000011000111011001000100000110100001100110101011011001101001100111001110
100000010111101110010011110000111000001000101100111011110100010111010000011111101011001011100111010101110010110100100101101010110100000001111110
011010111100011000001110101101001001100011011100110010110101111111000101001110011100010110100111110010001010110010110100011100001000111001111000
001010011111111111011000110110101010101011100010101000101111110110011111111000110100100011100010111110000010111010110001110000010000110101110011
001110111101010000010100101100011110001010111010110100001110110111110101011010011111001101110100100000100111010010011011101010000000110111110000
101111011110110100100101101011011110010001001110110010100100011001001000110101010011001111111011110010110001100000010100011100001011101001000000
001111010011001101111110110111000010101011110111101101101010010001110011010000000001011001111000011101000110110011111011011110101110010100010111
100100101000000001111111001001000101011100101101111010111011000110100000101101001000110011010001000100011010001101010001110010110101011111011101
000011100110111100000101010101110001010101101011111100100011111111111101110011111110100001011010111010001011001011011100011101100000110000011100
110110111100011000011001100011000110001101000100110101100010110011101001111100000110001011100010011101101101101111010100110111000111000101101101
111100001100101010111100001010011001101100110101001000111011011011010110111100010100011010111111111011001010011110101110111111011011000100001111
000001001100011001011110101100001010101111011011001010011110001011011011011111000110000100100000111000110000011001110010011111101001000000000110
000101111111010110010110111110001001010101101110001100010010101110110001101111001101111101111100011001010011110111101000010100100101101100101100
010011111010100100101111001111111100010000110000011110101001010101001100111000001100111100111110000001110101010011111001010111100010110110100101
110111101101000111111010000001101110011000101011100011001011011010010000111000111010111111111110101110101101111100111100011001101100100110111000
011101110001101010011000110101001110101001110111011101100110001011111101110101101101100001000001001000101101010000111001111000100001110010001001
001000111010100010010111010011101101100011011111111000110101000010011101000100110000011111000101010100011110101010111001011110010001001001101000
101110000100000101100100110110100111011101100010100010101101111101101100001010010100001110011100010001000101000100010100111010000010010101001111
010110010100110010011001101110011100110101101010000110011010010001100011100101011110010101011011101000010101110100110011110111010111111001111010
111011011010011101000010110110101011001001001011011100111000110110110110011010110010101000001101000111000100101010101001000011100010000101010101
011101110010111001110010011001110001101010011011110100011000111110010110010111010111110011110100011000000110110010110001011100000111111001000101
111101111101000000101011101100010111100111111110111100010100101100110001011000000001010100101011010110010111111001011000001001000010111110110010
001111011110011000001101100011110010101001011111001100000101001011001101001000010000000100100100111000100000100111111010101101111001011100111000
100101011100000101101101110011110001010111100101111010110010011011100110100111010011000101100100000110010011110101001100100110101110000110111000
010100010111111011011100011010110100100100100110110100101101101001010101000011000010010010010011011110000110110100110111000001100110101000101110
101100111101101001000011000001011101110010101001100010000000011111100010000000101111000011101011111101011101001001000100010000111000000011011011
111101000010000001110110101111111000111100000101100000001111001000101001111111000000100011101010000110000011001000010100010100000111001101001011
100000100100110010011010111111110000011110001110001110110101101100101100011101101011100101000011011100001100000010001010101000101000100110011011
011110011110110110000111110101010101101110000010100010011111010000110000010110010011000010111110100001001110001011110100111100110110101000010110
100010110001110011000110000101010001011101010110100001011100010001001001111000101001110101010000011110110101111011111111110100110011001111101000
110100010001101001000111100100001101001100110100110110001010001010000101000111101111100000010010010001100110011000010011010010110100000100100011
110001101011011111100111110101100000100101100000000110111001011001010010010010000110011000111011010110111011110101000101011000010110000110000001
101001000110101011111110000001101111010010111010011111011110001011010001000011110010011000010111100011100010010001111001111011111111011011111111
100000001110011011111101001111110011011001010110111110101000011000011010010001101011001011010101000011000001001011010111010100100101010001001000
111000000010100100011001110100100000000010110011010111000110101011110100110111000011101011111010010100101010011111010110001111001100100000110001
111011000111111001101100001100011011000100001011000110011111110010100000000111011010111100000111000011100100010010010001101001000100001001100111
111101100000111001110001011110100001110111110011100001101110000101000100010000110001011000110000010101101111001001101110001000101010010100111100
000110000010001000100100001110001001010111010100101110100001110101100110001101110001001100001011100111010000001101011101110100011010010101011001
100111011000101011001010110110001101101100010001101011000010100011001110101111011000101110110010110100100001100111111000011100101000001010010101
000111010101001100001011110000011110100101111110010101100011010111000101101101011001101000001110110011011011010000111110001100001111000111010001
000011101010111100100100110111000010001111010001010110001110011011110110111011011110110001111011001010011111110001011001000000011110100010010101
110011101010100010001101100111000011101100010011100001001011111110111011110000101111110001110110110000100110010001111111001011010000111000111011
011011011001100110110001100001011001101111011001000011010000011010110011100011101101100001110011010001100000100001110111111011101101100100111110
011100001001111001000011110100010011101101110100100100011110011101000011110100011000110000010011010010100001010010101010001010000000010001100001
001011100011111010101001110101001111000000101110110111011001000111100101101110110101010101101000101001110101011101111000100001111001011011000101
110111011011111111000100100110011011100111000000011101111111001010010010000001101110001101001010011101001011111100011101111101011011000010101101
110010111001100110010111010111101100010001011101001011111111101100100011101010010111101001110000011100101000100111001000110001011100011110111000
000111111010001011110000111100101010011001100111000101000011001100110110100010000101010010001001000001011101011001000010000001100101100000100101
000010010111000000011101111100101000010110011010000101011101011010001010101110110111010101001001101110010001111011100000000100111001101010111101
000011010100010001111100011111101001011001111010100011000010110000001000011010010100110001100101011000100001010100001011111111111011000000010011
110011000110010101000000110000001000101010000011101010111001010010011100111000011111011111111001010000010000101100100101111111101001011001110100
011101010000111101111111011111111100100101001111111001110101100000101010001000001010001000011011001000110101101111010000011101101101111100011101
100010110000000011001101010001100000111111101110101001000010110001110110101100001011101110111001001101000111011001110101101000010000001001011110
111010001000110100100101000011011000011010110111010101001000101111010000110100010011000100100101100101100011011010100110110111001111000101001010
101100100001001001100011101110010100001101101001010111110111110100101011001110001010110100101011110000111101001111110001100100010111000001100001
001111010101100000101111010001001001000000100111010011000011001101100101101011010010000000100010000100001101110111010001010111010100011011110001
100111110101111111111101010100111101010101100101110101011001011100001100011110011101110110110100110011001001101101111100011010000001111001101100
000000001111101010101011010011101001110011111001010110011000101011110011110100110001010010010000110100011010010011101101111110101000000111001010
100100100011001010000111111000101000100101000110101010010101100101000111111110111111110011100010010101101101001010010010010000010000010001010011
010010010110000101011100000110011000111101101110000010110010011101000010110011010110001010011111110011011001101001111101011011110100101011001110
100011100101111010110001110001100100001011100001001000101100011001100000110010000010100101000001101101000101001011011001100010010010001111100100
100000111110011001100010000001111111010110001001100010101010110000011111011111011110011101011110000100101001111010101101010101101011000110011100
001000000110000000100001000001001100110011101001111010111000000100100000110000001010000011110101001011000101101100010000100000111100110000111110
110110110100101010100111000110001101001010101001000010000101010110110000101011111100110110101000011011110011100110010010100100011110100011010011
101000111101100011100111101110100101111000110100010001110001000010111011110101110101111111011010001101100100110100001111000010001100111011101011
111000001110110010001001001001111100111111100011010100011000001110010101111111111111011011010001111011100111110011110110000001001010001100010110
101100100111101011001001001010001101110111011100011000101011100011011011111110010000000010000101010110000110011110011100100100001101001100100011
011110011001110100011111000110001100001100111101101011001010101010100100110010111101111011100100100100000110100101100010101000110101100110101010
111101011001001000011000011000111100000010001111010000100010011101100001011101010000010111001001101101000100011000101011110110000111001101001101
111100100010001001001001000110110001101001000110111101110011111010100000100011010001111001000111010011101001001000110111100100101110010001011100
001101011000000000111011101100000011011011010011110010011101111011010010011110111001110100000001101000000111100101011010101101010111000100001010
001010111010000001001011111011001001100110111110011110101011000100010001111010111110100010001000011111100000010011011110100011010000010111111100
010111110000101000101101100011111100111010111011101110010010001111010000001111101101111000010110010011011010101101111011001000000001011000110111
011011010010000011001001111000001010000111011011010111100001101100100100110110101101010001111100101011110001100111011110100011010110000100001010
011011011111010011010110101111010001100010111011110100100011100101010111001011001110110010111101001000010000111110001001011010100001010011101000
001111111001001011101100101010000100010100111011111111110000101110101101100000110101000111110011100100100011101100001011010111100010001110100010
000111011011001010011110000011101001111011001111010100111011101101001101100101011011100010101011110010100111011110000101000111101111010111111010
011100011100010101010001010000101000010100011001111111011100010011100010100011101001110000000111111011011110011110101010111111001000100110101101
111100100010100010011010111000011001101111110100001010001110001111001011101111110001101101011110001110100101111101111111011000000011101011000101
010001111101110010000000010111011111001001100011110110010001000010000001111101001011010001011110111010010101111100100011001110001100101000011101
111011100000111110001111000111101000110100101111110100100011100010010111101101110100010101010110001110011111111010011101110000011101000010101111
001000110101101011111011000111111010110100010111000101111001000001111110110100000110110100100000001001000010000001110000001000101111001100101010
101010111010011001111101001110100100100110001101010011110111101000000000010111001001110000101101111000001011110101001100000101000010011110011100
110000100101001101001011101111011001000111100010011100011111101010110111001000011001110011101000001001001010101001111100111111010111101100110010
001011011001011010111101000000011000100001010000100000100101001100101100110110011100110111001111110001100011110011001001101101100000100111101111
010101100100000011110111111001000011110101101111001111111010010111100110110100011000100100110001111000001110110100100011111111111110010101010100
010011101101000000110000010011010010001000110010101011010000010110101111001001111101101011101011100010011110100011100100010110100000111011101010
100100001100100111111101000010101010001110100111111110110000100111111110001111001101101100101001010111101101011011111100011101001011010110010000
101100110000011101100101010000011000100011110000111100011110100011111101101101110010010100001100101100011110111000011011001001011101011101011011
011001110000101001101110111010110011110011010101101110010010011000001110110011011010011000010101101111000000100100110100100101001001110011010101
110110010010111101011111111001001100111000010010010100100100100001101111101110000100010011010000011010110100011001011100010110011110100101010001
100011101001110011011111100010001111011010000100010101000000110101000101110011111000111010101001100000100100001100010000110001111100110000101011
111000100011000001110001100100111100110111110110111010001010110011110100110110000010001010001100101001111111011101100101011110101001110101111011
100010010110010011001110010011100100010110100011101010011011000111111101110100001011101011010001011101110110001011000011111101001001011011111010
111001100010110010001000110110111110110011011111001010101010100010100010110010000001100010101100011100000000101001110011001100001011100000011110
100011010010010000011110110010110111010010011001010101101001101011111111100100110000110000111001011111011110111110001000001100001110011001000001
011010011111111000010011100001111101001110000010011000110010000001001111000111111100101010011111011010110001101100101111000100010100011111001011
110000110010110001101011100110101000001110011111011000000100010010000101001101011000000101000101000000011111110101011100101111010010100100110111
101000111000010011001011101111101100001010111011010111011111011000111100101011101101101010000101010111001001110000100110101011001011110011000001
111100000011101001000110010011111011001110001010101100110101010100000100101011101000000011010000000111000110101111111010100001001000101101110010
101111110100010101010101011001011001011100101110100110011001100000110111110110100101100011100011001101110111011011101101111000001100101100111110
101110101100001110100101111001111001101100101100111110110111001101101100101111000000011100100110010010100110111011100110001110000111001110111000
011001101011100111110100011000010100101011010110010111001011101011011100101101000111100011011100000100100100110001000001001000101000010000010000
011000000011110000001110001110001001001111100010111101100000111111111110010001011110111001101011110100010010000000001000011011100000100001101010
101010111001111110010000010000000010100100110110001011011111001110001111110111100001011100111101100000100100001101101110010000000010000011100110
011111011110001100010100101101001100100111111100101001001001111001100010101110101111010001000000110010110011100001100101010101011100110101100100
011111000000000101101000010011001100100110001001111100010001000111000011001101001011111110100000010000010010011010010100001010100000010011011001
001100101010101010000111111110110100111000001010000010100100011111010100101101100001000100010001001101011011011001100011101100001100111001011110
000111101111011000100101000011011011001001100010110100011111010000100000101011100100101011001111000100111000101000111001000000110010000100101011
111010001111101110001001011110111101001100100001110001100010101010110010111110100110111010010010011101111001011110010000001010110010110110100100
001110010011010000010001110010100101000100001101011000011101000111001011000110010100011110001111110100001101010110101001010011110110011111010111
111100000001011000010110011001000100101111111001010001001001101101111010101100110011010101010001000001011001000101011110100111110001101010001111
100001101010011100110011101100101010100110110011001010000101110001111001011110100101111111010110010100101011011010100101100010001110000010100000
111010110101010011110101001110110010110011000011100011111010010101110101110110000001100010011111010101010111111000101100111110111011101001011001
101111010101000000110110100000001110000100000100010100100101010100111000101011111111110010100110101100111111111011111010110000001001011000011110
010110101111001100110111101100010000110000010000100101000001100101011111010110110100000111111011100010000010100110100010101101001101101101111001
100001000001110011110100001011011011000100101011110010111101001100101110010111111101010001001111111100111110110010011111101100011001011010010100
010001101011101101110001101101110000100110100011010111011101110000000011110111110011000000010001111000001101001000100100010010001111111100111000
100010011111110001010110001110010011110110111100110011000111110001011011111010010100001101010111101101001001001101110000111000100001101000011100
010111000111011110001001110001010010000011110000100000100100000010000011011000111001010001000111110111100111011100011101111001011011100001100000
001000011010011011101100101111010101111010001001010001010101010110111011100001001111110110011110101111100010000001010101101010011100001011011000
110111011101011101011101100000110000000111100001100011000100111111100110101110001010001001101111100110100000100000111100101001010100011110101011
000000111100000100111111011111101110011001101100010101001101100001110100111011100001111111110111101001000100011111111001010010010000111111100000
110001010110001001101010101001001000100010100110010111110000000110100011111111100101111111001110010010010010010111101000111111011110010010110110
100100100011111011011010101101011011000111111101111011010001101000110001011010111011001111010001111001101010000111010111001110110110001100101111
101011101001101110101110001010110001101011110001000111101011010110000100000110101110010111101100011100001010110010111100101110011100110100110010
000011001100001101110110010110100011010111110010100011101011011000011100110001011101001111000101001110010001110010111110011110100100010111010001
110000010111110001100101101010101000000100111001111001110000111100001011011011000000000001001100011111001101000111000110000010000100000011000101
000100101110110010111100111100000111011011101111001110101110011100100001100111111111110010111111011100001000000111111101011111100101001000010010
101011011101011110111010000100000111001011011000100100000000001101010010100001001101011100100000101011010100000100001101010011110100110001101100
101001110110110010100101101000100000111001000110111010111110010011101000100011111110101111101000010000110101110001111010100001101111111111110000
101101100000111000110000010010000000011000001111011100010010100011100100100011100000010001111100010110000101100010110001010000101001001000110010
101110111001000111001011100111101011001011001000100110000101010101010011011010101100110100011001100011101000101101010101000001100011100100000100
010110100111100101000011101110110110000001111100110010011001000101110101010011101011110101111000111001111000100110110011011010110011000101001101
001001100100001111001100011001000101100011001010000011010010111001101100011010010101111101010110001000111001100110000100111111100101110111001100
010100001100110011000111010101101001000100100111011100010000011111101111111011000111001110001011001000011010110010011011110001111101000000001010
001000011001111000101011110100000001101001110101011011010001111010010011110111100110101100000101101100110100111011001010010101000101101100111110
111111011000101000010010001010100001111000011101110000101111110100110011010111011101111010000111110100101110010001001100110000110100001111101011
111110011101111101111011001001100011010000101011010000011011101001111110010011010001110110100011001010011000001110000111111100101000111110100010
111010111001001110100101001100000001000101101101100110010101001100011001001010011101010111111001100110111001001011010101000111001011010000010100
011101110011010110101110101101010100101100100101111101001110011000010001010100110000111011100001001110101011001110001011100001011111010000111111
001000111001101100110000110100000111000000101010010101000110011100011100010010110110101110010011110010011111111110100111010101111010000011001011
000110011011010011110111011110100001100100001101111010101111000001111010000110110001111111100111101000010000100000101001110101000011001101101011
001010101101111001010011110101010110110011011100000000110010101010010011001000110111100011010010101000000101110000001000000011010111011000111010
010110001100101100000100010011001110000100110001010001001101111000010101000101101010001110011111010101011111100001000101011000010000111000100011
101100000001100110010111111100100001111101111111100011101100101100011010111111000011101011001000010111101100000011011011101000000000111100010101
110110000010110111010110110111100000011011010010101001100101111010101101110110100110011110101111100011001011000111000111111110110100101110111011
111011101011101010010010101100001000011001010001000101001001000100011011101110111000001111101010111011001011100001011011000100110110110011101100
000101010010100011100111101001110100010001101010100111101010000001100111011111001010001011010001001101011101001001001101000010100010111010011010
011010000101110010001111101011001111011111100010001110001010101010101110100110110101110000001001001100111000100111000110111001111111000001010100
111100000111111011111110100011000101110111010011100011111110000110111111011110111010011100001011011111110000000010011101110110010110010010011111
001000001010001001011011110101010010011111111011111100100110000111111011100100100000110001101101111000001001101000011011110100000101011111010010
010001111111000011001111100001001111001001101110011110011001101000010111001010011111101000111000011001111010111000101111000010100110101000110001
101001111100010010100100101101111001110100001110011111000000101010110110000110110011011111001100001001011110101100111111101101010001010110000001
000011001010100001000100011001011001011011000111100101001011111101100100000101011101110111011110101111010101100100000010110101000001001010100001
111010000000100000001001011111111100100011111010011001101100101001110100000011111011000011000010101010000000001001000001000101001001110111101101
100100011001101110000100011001110110010101000101101000100011010100100111000110011101111000101001000000011011111001010101110011000110101110000110
101001110110010110011001011100000111010111011000111000000010011001011010111000111011000111001000011010101010000110001101110011011010011101101011
111011011010111000010001000111110101110110111111010111111101011000100010000101101001011110011010100001010100111111001010011110101110010000111101
101111000100110100110000111000110111110101000110100101111000101011110110110111000100000110111010111000010010111010010010011010011000101111011011
010010111110000100011111101000011010100111100101110011000101010001100011110110101101100100011000100001001101100101010000001010000111110010000110
100100010001010010110001101001010111110100010101010000000110100110000111011111001101100001010010111100011110111111001111010110001010010100101001
110101000001000100010000101111000010101001111010110011110100011010100011111001010010011101110001101010110101000011101100000110101101000100001111
001010000110000000110110101110010010010011111111111110101110110110000111000010000011111111100000001011010010100010100110001011001010100001001010
001001001101000101101011001011010011001000010001001110010010001111011000000001000010010111110011100100010110000010101011111110101011111111000010
010110101001100110111100001110110101111100010110100111100100101101100000000111111110000000100010111101010011011101001011101000011000011101001011
000110010111100000111001110101110001011111010000001010011100001011010001011010010010101100111001110111111101011100111011101000101011010011100000
010111001010001001001111100010100010100010001001100110011010110100001010100010010001000001011110011110000000100011000010111101101111100101100001
110101010001110001110100011000100011011010010101010101001001101110011110100010001100010101001101010111001011010110001100101000111011000100100000
100111000101011001010011100101011111101000101010010111101011010100010000000101010010101000100001111010110011011011010101111100110001000000010001
101110111011100110101001111101100011010011111011110000010110000000100110000001100011010101001001110001011111001010001000011110001100110000111110
000110100101010101001100101101000011101011101000000110010011111111011001110011011100011010110101101100000000011001101010011011111100111011010110
011001100110000100110001011011111100011010100111101010111011110101100101001101110101111011011010101100011001000110100011011011111110110000010100
111111010011100100110000110111010000110001110010011010010100110110010111111010011111010110001101001101100000111010100000011101110001001110111101
010111010001110001110011111010000101000000001111010000010110010010111111011110111101000010101100111010111101001101000101100100100001000100101000
011100011001001100110011010111110100000101111010101110001111100010110000010011100111110011110101000110100001010100101000001010011101000000001011
011110111010110100011100010011010001011110101000001101100010000011011111101001000100001101101110110010011010111100001000000010100001101111010101
100011001001010010010101100011011000111010011000110000110100001000110101001100100101000001010110110110000101011000101101110010101010111001001000
111111011111100000011100111100100110110001010111110110011010100110100010111010000010100101000010110111100001000110111000000110101000001001001100
010101011001100010010011001010100000000101111100110010010101101000011100001011100011111100011010011100110011110110111111100010001000111110101010
010110000100000100011001001010000101101001110101101100100101011100001111100111000011000110101001000110011010110101011000000111000100011111110111
100001010110101100001110011100110010110000101100001000011101010110111111001110111011010011111001110111100111111111001111011011011001000011010110
001101100001000101100110000001100011100111110110101111010111000000001000101011100101001101011010100100110111000111111111111000110011110011001110
111011110000101010100001100001001011110011011011100101100000100010101000100010110100010110100010010100000101010000011111100011110010111100000000
011000000000011101100111011100011101101110010011011101111010011110010101011110010001001011001011111000001010000100001100111011111001000100011100
001001101110001101010001110110110011011100011111000010001010101110110001011110010111101110001100100111000011110011111101101101010001010001111110
101001010011010110101111001011000101010111111100011011101111101000010001011100010010001000011011011001010010100010010111111111101111011001100110
000000100000111110100101011100110001000111010001101011000111001101000000101000000110001001010111001010011011110010010101001010001110111011001101
100100101101010100110000011110110011011100100111011111010001001010010100000001010100011101000011011000001111010110110011011110101111111101011000
101110110000111011011111110000000101110011100001110100110001101000100111011101011001000000101000000011100110100110000011010000100001011110100100
001010011001101001010100011111110001001100011110100111011010110110010000111010001001011010110111011011011111010101000101010010001011010010011000
000011101010011011001101001100001110101110000101101101100010100010100111111110101101010000000110101100110010011011111000001000110110011000111101
011001010011010100111110010110011110110010000001111010001110110100101111011010111000110110010011110010011100111110011111011000101000100110000101
111110101111001010111111111011011010010110011011011100101011110110000101000011101111011001011011100011000011010001101011110001000110110101100000
101101101110110000010001011111000011011100000111111010011100100010111110010110100010011001111010110101100101101011100001011000101001001111111001
000101111110101001010100000001101000000011010011100100101010001110101010111011101101111011011110011101001101101111100100010010000010100101011100
111101110100011110011100110010011001000011010111110100101101011101110101010010100001010111101000011001011011000010101101110010111011110011001010
100011011100101011001100010001000000011001111000010101100111100000011101110001110101100011010001110110101011001000111101001101111010100111111100
000111001001010010111000111110010000110001010010000001000001001110110111100110110011111000011010001001100101000000000000000000011000011010000000
000101000100100000101011100111010101101010001110000001111111110100000100000000000101101110011010100011110110000110000010101110001111011101010101
011000001101010000101011110110100001111011110011001100010001001100100001100100001011111010111011001101111101100101010000000010000110010111101110
000001111000010110110100110110011110100110110101001010100010110011110000110101000100110000100110001111111010100011011000110111000110111001100110
111110110100100110101101000000000100111110011110001001111010110011001001000000001001110100111001011110001000001000001110010100100101001110101000
011010000110010011001100010101100000101111010111101011011111111101111011101101001111010101110111010000100111001011101111001110001101100111101000
100000101111000100101100101110001101110111010011010110001110111110110101111100110100000111100101111010010011110101001000100001100100110010011101
010101010011010001001000010001100000111100110010110001010000110110110001000101100000000011010110011100001010000001110100000001001010000010001000
011011110010000100011010011000001011100000010101001101010111011110101001111000111110110011011100000110001001110101111010100101001101001011000010
110011010010100001010001010110010111011111001111011101000111010100110101010000110101111100110110100101010001101100011111100110100101100110010010
100010110010110010110100110111110111100101010110011011111110000101011001000001100000001010000001000010001010010111101110101000001111101101011010
110000010111000000011111011001110001011001110001010110110100111000111011010001011101111100110010111100010010100110001000010011100010000010011111
000101011111111011000001010010001101000111010110000010100100001110100100000111010010111011111101101111000101001010000101101010000101110100101100
011000010111001100100100010010010001011110100101010010001000101000001100001100000111111000100101000001111000101011011110010010111111000011011000
001101111101111000011001111100010010110111110110010010011110001011000011111000101001100011000011111000101101100001001111100100011111001100111110
011011100101000101101001111011011000101010010011101000001101111000001100100101000011101100000011101101001011001111100110001001011011010100111011
000011100011101001100001101011100010101101100110000010111000100011111100000001001001111011001010101111110110111001100011101110110001111110000111
000110010010000100101010101100101000001000001100010011110101010100011110101011010011001001111010100101110001001111001011100110110110001110011001
010111110011010001010101011010011110100111110101010111101101001011011100101010110011001001111011000011110010010010010010100010111101111100011001
001010111000100011101111001111101010000000010010010111000111000010000100111001001111011011111000111101111011101101100101101001001101101010110111
010110101000011111011101110000110001011011010001010001111111100101010010010011101000010000000000001100100110001011111000000011001000110100100010
101101110000100111000110110001000011011111000001110110010111111011101010011110100111011001111101101000110101101000100111101111110010100000010100
001010110010011010000010111010011010011111000010100101110111000100101011011000011101101010100100101011000111101101010100001010100111001010001101
011011100101010000101001100101101000010101111101011111011110100110000110100110100010010110001001011011101110100000010010001101001000111000000000
110000000000100100000110101011111100010111001111100100101100000100111101010111011011001001101110000101010110011001100011100100001101101101110010
000110110100100101011000011110100001110010010001111011111000111100010010010000110100011001011110110100111111100010110101011010001101110100010010
101010111110000101000101100100111011011111010011100011011110011101000100110101110000101000011011001100000110101100100101111010011101001110001111
110101001010101010010101000101101100010010011011110110001101001111101101110100000011101100100110001010001011110010000000010101101101010101011100
000110110111111010100110001001001010011100100011001011000100111010111001011001011010101101010011101110001110000010001001111101101110101101001011
010000111110000110100100110000011100000000001100100010000100101110010010010110000111010000111010100000110000001001111010001111110000101011101011
001100110010110010110100001110110111111100000100110111000001100000000100101111100010000111000111111011100111100100110111010100010101111011101101
